44.700 0.932143
44.710 0.926504
44.720 0.914416
44.730 0.907756
44.740 0.907637
44.750 0.912916
44.760 0.917039
44.770 0.921295
44.780 0.918916
44.790 0.917608
44.800 0.918178
44.810 0.926677
44.820 0.938970
44.830 0.952846
44.840 0.965578
44.850 0.973821
44.860 0.974526
44.870 0.974932
44.880 0.971511
44.890 0.963323
44.900 0.954169
44.910 0.953393
44.920 0.953245
44.930 0.946263
44.940 0.938128
44.950 0.932752
44.960 0.933715
44.971 0.937132
44.981 0.943800
44.991 0.957164
45.001 0.964426
45.011 0.962019
45.021 0.961522
45.031 0.962107
45.041 0.954048
45.051 0.944453
45.061 0.933106
45.071 0.927011
45.081 0.930963
45.091 0.917447
45.101 0.913439
45.111 0.906738
45.121 0.899575
45.131 0.889703
45.142 0.882757
45.152 0.878821
45.162 0.878152
45.172 0.881883
45.182 0.891163
45.192 0.907568
45.202 0.921777
45.212 0.929829
45.222 0.926011
45.232 0.922629
45.242 0.915032
45.252 0.911287
45.262 0.905994
45.272 0.898180
45.282 0.892542
45.292 0.890985
45.302 0.888287
45.312 0.891579
45.322 0.902498
45.332 0.914325
45.342 0.921255
45.352 0.923784
45.362 0.924430
45.372 0.923887
45.382 0.918056
45.392 0.914109
45.402 0.911122
45.412 0.910711
45.422 0.911321
45.432 0.914974
45.442 0.916073
45.452 0.917620
45.462 0.918974
45.472 0.920975
45.483 0.925312
45.493 0.927726
45.503 0.930927
45.513 0.930408
45.523 0.928038
45.533 0.925593
45.543 0.922670
45.553 0.920309
45.563 0.914657
45.573 0.913712
45.583 0.913999
45.593 0.915874
45.603 0.914686
45.613 0.916716
45.623 0.920626
45.633 0.922953
45.643 0.922805
45.654 0.925151
45.664 0.926191
45.674 0.925784
45.684 0.924490
45.694 0.928087
45.704 0.932584
45.714 0.936151
45.724 0.936334
45.734 0.937409
45.744 0.940047
45.754 0.939714
45.764 0.936241
45.774 0.931477
45.784 0.925879
45.794 0.918986
45.804 0.914491
45.814 0.909616
45.824 0.909433
45.834 0.910941
45.844 0.913441
45.854 0.915290
45.864 0.916170
45.874 0.913741
45.884 0.912173
45.894 0.909778
45.904 0.912024
45.914 0.915937
45.924 0.918903
45.934 0.919412
45.944 0.922713
45.954 0.924575
45.964 0.923007
45.974 0.917267
45.984 0.914101
45.995 0.913817
46.005 0.913070
46.015 0.913877
46.025 0.918275
46.035 0.921763
46.045 0.921234
46.055 0.921902
46.065 0.919358
46.075 0.922481
46.085 0.923353
46.095 0.920902
46.105 0.919146
46.115 0.919867
46.125 0.919849
46.135 0.918645
46.145 0.922310
46.155 0.930498
46.166 0.940418
46.176 0.947311
46.186 0.950502
46.196 0.956307
46.206 0.950510
46.216 0.948904
46.226 0.944866
46.236 0.938372
46.246 0.935927
46.256 0.929718
46.266 0.928544
46.276 0.923469
46.286 0.915339
46.296 0.910293
46.306 0.904998
46.316 0.903907
46.326 0.903471
46.336 0.905109
46.346 0.905186
46.356 0.907889
46.366 0.905021
46.376 0.903063
46.386 0.904863
46.396 0.905383
46.406 0.909373
46.416 0.906714
46.426 0.904559
46.436 0.908795
46.446 0.911249
46.456 0.913885
46.466 0.920210
46.476 0.924089
46.486 0.925928
46.496 0.926652
46.507 0.923823
46.517 0.923174
46.527 0.923515
46.537 0.923074
46.547 0.922943
46.557 0.923812
46.567 0.926614
46.577 0.927041
46.587 0.925258
46.597 0.923289
46.607 0.924689
46.617 0.927035
46.627 0.929594
46.637 0.933648
46.647 0.937780
46.657 0.940868
46.667 0.943659
46.678 0.939725
46.688 0.936472
46.698 0.935087
46.708 0.933501
46.718 0.930314
46.728 0.929086
46.738 0.929297
46.748 0.926543
46.758 0.925466
46.768 0.926173
46.778 0.928059
46.788 0.928815
46.798 0.927367
46.808 0.925146
46.818 0.923766
46.828 0.920189
46.838 0.920589
46.848 0.920133
46.858 0.921371
46.868 0.921084
46.878 0.920470
46.888 0.919730
46.898 0.916859
46.908 0.918927
46.918 0.917296
46.928 0.920155
46.938 0.925535
46.948 0.931422
46.958 0.937853
46.968 0.944996
46.978 0.946280
46.988 0.942712
46.998 0.935077
47.008 0.927689
47.019 0.923899
47.029 0.919757
47.039 0.917783
47.049 0.913119
47.059 0.911116
47.069 0.909256
47.079 0.904236
47.089 0.901581
47.099 0.898213
47.109 0.898563
47.119 0.907924
47.129 0.917017
47.139 0.926845
47.149 0.936186
47.159 0.942077
47.169 0.940392
47.179 0.940550
47.190 0.942741
47.200 0.941807
47.210 0.933843
47.220 0.926568
47.230 0.920078
47.240 0.912168
47.250 0.913071
47.260 0.913047
47.270 0.916393
47.280 0.918925
47.290 0.919505
47.300 0.918701
47.310 0.920832
47.320 0.922425
47.330 0.925945
47.340 0.929183
47.350 0.931008
47.360 0.931610
47.370 0.925502
47.380 0.919374
47.390 0.914037
47.400 0.908573
47.410 0.905028
47.420 0.899920
47.430 0.903288
47.440 0.907857
47.450 0.916457
47.460 0.925973
47.470 0.930714
47.480 0.934038
47.490 0.933139
47.500 0.930894
47.510 0.926189
47.520 0.924771
47.531 0.924368
47.541 0.919818
47.551 0.919365
47.561 0.925160
47.571 0.931852
47.581 0.937916
47.591 0.945760
47.601 0.953394
47.611 0.957102
47.621 0.958929
47.631 0.955556
47.641 0.948159
47.651 0.943496
47.661 0.938173
47.671 0.937515
47.681 0.935720
47.691 0.936371
47.702 0.934383
47.712 0.932052
47.722 0.930617
47.732 0.932314
47.742 0.935854
47.752 0.939240
47.762 0.941044
47.772 0.941895
47.782 0.941523
47.792 0.942165
47.802 0.937063
47.812 0.933173
47.822 0.927898
47.832 0.925509
47.842 0.924166
47.852 0.922611
47.862 0.927531
47.872 0.931449
47.882 0.932365
47.892 0.936615
47.902 0.939936
47.912 0.940492
47.922 0.936764
47.932 0.933644
47.942 0.930810
47.952 0.931066
47.962 0.929423
47.972 0.931189
47.982 0.934080
47.992 0.936058
48.002 0.937927
48.012 0.942788
48.022 0.946523
48.032 0.952375
48.043 0.954424
48.053 0.954031
48.063 0.947689
48.073 0.942683
48.083 0.936403
48.093 0.930361
48.103 0.927060
48.113 0.924974
48.123 0.924523
48.133 0.928914
48.143 0.931354
48.153 0.934089
48.163 0.934808
48.173 0.940495
48.183 0.944166
48.193 0.950860
48.203 0.956298
48.214 0.956267
48.224 0.950298
48.234 0.942895
48.244 0.940583
48.254 0.932136
48.264 0.927672
48.274 0.924455
48.284 0.925437
48.294 0.927551
48.304 0.935596
48.314 0.939229
48.324 0.943194
48.334 0.943851
48.344 0.941341
48.354 0.939081
48.364 0.937096
48.374 0.935237
48.384 0.931323
48.394 0.949638
48.404 0.935384
48.414 0.938043
48.424 0.943699
48.434 0.946256
48.444 0.944706
48.454 0.941249
48.464 0.933090
48.474 0.930571
48.484 0.930235
48.494 0.927865
48.504 0.928828
48.514 0.928133
48.524 0.926461
48.534 0.928033
48.544 0.934793
48.555 0.940598
48.565 0.945111
48.575 0.943797
48.585 0.947262
48.595 0.947618
48.605 0.948246
48.615 0.943570
48.625 0.943707
48.635 0.939307
48.645 0.937745
48.655 0.939550
48.665 0.940538
48.675 0.940106
48.685 0.943621
48.695 0.945173
48.705 0.940866
48.715 0.939537
48.726 0.934248
48.736 0.930014
48.746 0.926843
48.756 0.925483
48.766 0.925690
48.776 0.925836
48.786 0.927542
48.796 0.931844
48.806 0.937546
48.816 0.939863
48.826 0.943260
48.836 0.942186
48.846 0.941917
48.856 0.937692
48.866 0.936883
48.876 0.937609
48.886 0.936097
48.896 0.936021
48.906 0.938533
48.916 0.938885
48.926 0.935095
48.936 0.932936
48.946 0.931818
48.956 0.930385
48.966 0.930403
48.976 0.932588
48.986 0.929390
48.996 0.933455
49.006 0.934805
49.016 0.936124
49.026 0.936744
49.036 0.939030
49.046 0.938105
49.056 0.934002
49.067 0.935297
49.077 0.937663
49.087 0.938516
49.097 0.940188
49.107 0.942334
49.117 0.941592
49.127 0.935287
49.137 0.930293
49.147 0.924677
49.157 0.926037
49.167 0.925066
49.177 0.923000
49.187 0.925438
49.197 0.926120
49.207 0.926104
49.217 0.928934
49.227 0.935300
49.238 0.935903
49.248 0.939054
49.258 0.940489
49.268 0.942859
49.278 0.940022
49.288 0.937005
49.298 0.932322
49.308 0.928102
49.318 0.923155
49.328 0.920481
49.338 0.920720
49.348 0.922652
49.358 0.925526
49.368 0.930681
49.378 0.934172
49.388 0.937896
49.398 0.940425
49.408 0.942965
49.418 0.945752
49.428 0.946677
49.438 0.946663
49.448 0.934164
49.458 0.927774
49.468 0.918799
49.478 0.911949
49.488 0.910733
49.498 0.911371
49.508 0.927212
49.518 0.947503
49.528 0.958026
49.538 0.964819
49.548 0.963587
49.558 0.954049
49.568 0.934146
49.579 0.912788
49.589 0.907815
49.599 0.913198
49.609 0.926702
49.619 0.940805
49.629 0.936993
49.639 0.933068
49.649 0.929578
49.659 0.967994
49.669 0.973554
49.679 0.713197
49.689 0.982597
49.699 0.936997
49.709 0.944901
49.719 0.965817
49.729 0.936632
49.739 0.959093
49.750 0.964779
49.760 0.941856
49.770 0.913531
49.780 0.906569
49.790 0.890800
49.800 0.893702
49.810 0.902388
49.820 0.907873
49.830 0.920560
49.840 0.932552
49.850 0.950918
49.860 0.960314
49.870 0.967137
49.880 0.963532
49.890 0.960531
49.900 0.946682
49.910 0.937921
49.920 0.930276
49.930 0.921767
49.940 0.916602
49.950 0.919962
49.960 0.946473
49.970 0.961384
49.980 0.967422
49.990 0.965602
50.000 0.952790
50.010 0.939893
50.020 0.926170
50.030 0.914163
50.040 0.900631
50.050 0.890697
50.060 0.883001
50.070 0.902642
50.080 0.901529
50.091 0.922031
50.101 0.939138
50.111 0.952697
50.121 0.956946
50.131 0.950849
50.141 0.937726
50.151 0.932440
50.161 0.928576
50.171 0.922165
50.181 0.918429
50.191 0.922364
50.201 0.928555
50.211 0.922683
50.221 0.927729
50.231 0.948256
50.241 0.935914
50.251 0.939022
50.262 0.931057
50.272 0.919235
50.282 0.919073
50.292 0.920590
50.302 0.932719
50.312 0.939830
50.322 0.931414
50.332 0.932911
50.342 0.925275
50.352 0.916846
50.362 0.910507
50.372 0.914437
50.382 0.917338
50.392 0.910665
50.402 0.917534
50.412 0.929261
50.422 0.927183
50.432 0.913839
50.442 0.926697
50.452 0.931203
50.462 0.927855
50.472 0.923540
50.482 0.919065
50.492 0.913774
50.502 0.915207
50.512 0.919104
50.522 0.924258
50.532 0.939576
50.542 0.951131
50.552 0.945249
50.562 0.938208
50.572 0.925486
50.582 0.913060
50.592 0.920217
50.603 0.920948
50.613 0.920267
50.623 0.914955
50.633 0.908567
50.643 0.897579
50.653 0.888764
50.663 0.894852
50.673 0.905074
50.683 0.917615
50.693 0.926770
50.703 0.936055
50.713 0.934090
50.723 0.946617
50.733 0.938651
50.743 0.921703
50.753 0.903857
50.763 0.893733
50.774 0.894155
50.784 0.894906
50.794 0.912872
50.804 0.943043
50.814 0.970098
50.824 0.978334
50.834 0.975510
50.844 0.970039
50.854 0.971817
50.864 0.966981
50.874 0.937852
50.884 0.933598
50.894 0.910642
50.904 0.894551
50.914 0.890255
50.924 0.900804
50.934 0.914727
50.944 0.927051
50.954 0.931764
50.964 0.927582
50.974 0.927449
50.984 0.929208
50.994 0.930784
51.004 0.916339
51.014 0.909221
51.024 0.902749
51.034 0.895784
51.044 0.886650
51.054 0.878947
51.064 0.891449
51.074 0.902788
51.084 0.929040
51.094 0.951457
51.104 0.969550
51.115 0.964938
51.125 0.950010
51.135 0.939916
51.145 0.931627
51.155 0.918007
51.165 0.913970
51.175 0.916300
51.185 0.911421
51.195 0.929666
51.205 0.942090
51.215 0.961193
51.225 0.933749
51.235 0.957063
51.245 0.978111
51.255 0.959938
51.265 0.952242
51.275 0.931281
51.286 0.916082
51.296 0.913830
51.306 0.909834
51.316 0.904868
51.326 0.904838
51.336 0.916590
51.346 0.918191
51.356 0.927849
51.366 0.936728
51.376 0.955154
51.386 0.957392
51.396 0.937939
51.406 0.928336
51.416 0.919131
51.426 0.907608
51.436 0.903648
51.446 0.902795
51.456 0.901988
51.466 0.896108
51.476 0.904936
51.486 0.915038
51.496 0.920310
51.506 0.927516
51.516 0.936720
51.526 0.934682
51.536 0.935027
51.546 0.934208
51.556 0.922276
51.566 0.926981
51.576 0.931610
51.586 0.926312
51.596 0.925771
51.606 0.928553
51.616 0.927215
51.627 0.924184
51.637 0.920158
51.647 0.915582
51.657 0.916410
51.667 0.920934
51.677 0.927712
51.687 0.933934
51.697 0.939493
51.707 0.942614
51.717 0.936045
51.727 0.927322
51.737 0.918067
51.747 0.911061
51.757 0.910554
51.767 0.912156
51.777 0.915273
51.787 0.924808
51.798 0.931541
51.808 0.937967
51.818 0.942717
51.828 0.941869
51.838 0.936547
51.848 0.930266
51.858 0.926509
51.868 0.932931
51.878 0.942628
51.888 0.943883
51.898 0.943691
51.908 0.938071
51.918 0.925656
51.928 0.915637
51.938 0.913675
51.948 0.921331
51.958 0.927340
51.968 0.939666
51.978 0.944238
51.988 0.942530
51.998 0.939408
52.008 0.924413
52.018 0.910414
52.028 0.906133
52.038 0.914376
52.048 0.927689
52.058 0.939388
52.068 0.948083
52.078 0.944258
52.088 0.930229
52.098 0.918684
52.108 0.914077
52.118 0.918478
52.128 0.923275
52.139 0.926518
52.149 0.933902
52.159 0.940215
52.169 0.945641
52.179 0.952648
52.189 0.961698
52.199 0.967888
52.209 0.964715
52.219 0.952715
52.229 0.936304
52.239 0.920534
52.249 0.910953
52.259 0.900481
52.269 0.889054
52.279 0.904331
52.289 0.903647
52.299 0.906844
52.310 0.918025
52.320 0.945140
52.330 0.957358
52.340 0.896933
52.350 0.924628
52.360 0.907105
52.370 0.900934
52.380 0.901030
52.390 0.902274
52.400 0.915302
52.410 0.920683
52.420 0.944846
52.430 0.963810
52.440 0.959295
52.450 0.948376
52.460 0.929860
52.470 0.913438
52.480 0.903428
52.490 0.903490
52.500 0.911466
52.510 0.918492
52.520 0.921267
52.530 0.926613
52.540 0.934750
52.550 0.946200
52.560 0.954689
52.570 0.953327
52.580 0.947820
52.590 0.934099
52.600 0.921151
52.610 0.920252
52.620 0.928974
52.630 0.934377
52.640 0.928273
52.651 0.920424
52.661 0.914111
52.671 0.907717
52.681 0.909637
52.691 0.907313
52.701 0.907149
52.711 0.920715
52.721 0.934158
52.731 0.955526
52.741 0.962073
52.751 0.958814
52.761 0.942768
52.771 0.923260
52.781 0.907916
52.791 0.897971
52.801 0.888940
52.811 0.885006
52.822 0.888105
52.832 0.883399
52.842 0.899941
52.852 0.927267
52.862 0.939954
52.872 0.953265
52.882 0.956075
52.892 0.956865
52.902 0.945167
52.912 0.927694
52.922 0.917406
52.932 0.909246
52.942 0.903390
52.952 0.903253
52.962 0.911629
52.972 0.915697
52.982 0.923147
52.992 0.943686
53.002 0.957488
53.012 0.959875
53.022 0.944407
53.032 0.926348
53.042 0.918267
53.052 0.910084
53.062 0.906569
53.072 0.911174
53.082 0.926428
53.092 0.944339
53.102 0.950968
53.112 0.957554
53.122 0.946362
53.132 0.934874
53.142 0.922570
53.152 0.916753
53.163 0.920007
53.173 0.916847
53.183 0.932812
53.193 0.939464
53.203 0.950882
53.213 0.953392
53.223 0.958106
53.233 0.954008
53.243 0.945156
53.253 0.932943
53.263 0.925802
53.273 0.925844
53.283 0.926244
53.293 0.917674
53.303 0.910127
53.313 0.906307
53.323 0.897726
53.334 0.908373
53.344 0.931367
53.354 0.959925
53.364 0.962519
10.541 0.815669
10.551 0.811989
10.561 0.810506
10.571 0.810163
10.582 0.816030
10.592 0.822204
10.602 0.826401
10.612 0.833096
10.622 0.838454
10.632 0.836263
10.642 0.830851
10.652 0.821094
10.662 0.812015
10.672 0.813438
10.682 0.811552
10.692 0.809313
10.702 0.809727
10.712 0.811162
10.722 0.812251
10.732 0.815524
10.742 0.817491
10.752 0.818006
10.762 0.815965
10.772 0.815725
10.782 0.812735
10.792 0.811493
10.802 0.813122
10.812 0.817604
10.822 0.817260
10.832 0.818451
10.842 0.819166
10.852 0.820137
10.862 0.820676
10.872 0.817901
10.882 0.817465
10.892 0.816343
10.902 0.815887
10.912 0.814974
10.923 0.813980
10.933 0.810828
10.943 0.810773
10.953 0.810789
10.963 0.809344
10.973 0.808691
10.983 0.809708
10.993 0.813013
11.003 0.816697
11.013 0.817942
11.023 0.817596
11.033 0.818469
11.043 0.819101
11.053 0.818885
11.063 0.821912
11.073 0.817690
11.083 0.814828
11.094 0.814014
11.104 0.809778
11.114 0.807783
11.124 0.801304
11.134 0.800895
11.144 0.802511
11.154 0.803450
11.164 0.810210
11.174 0.819366
11.184 0.825943
11.194 0.830709
11.204 0.831895
11.214 0.830686
11.224 0.825674
11.234 0.821002
11.244 0.818894
11.254 0.816383
11.264 0.814314
11.274 0.813337
11.284 0.815726
11.294 0.817190
11.304 0.820691
11.314 0.818181
11.324 0.816200
11.334 0.812607
11.344 0.808082
11.354 0.806760
11.364 0.807201
11.374 0.809154
11.384 0.812056
11.394 0.817781
11.404 0.824925
11.414 0.827712
11.424 0.827781
11.435 0.827717
11.445 0.823220
11.455 0.814951
11.465 0.807753
11.475 0.806745
11.485 0.805451
11.495 0.806554
11.505 0.809694
11.515 0.816247
11.525 0.819485
11.535 0.819809
11.545 0.819171
11.555 0.820123
11.565 0.820930
11.575 0.818240
11.585 0.814591
11.595 0.809386
11.606 0.809039
11.616 0.808221
11.626 0.813683
11.636 0.816546
11.646 0.816973
11.656 0.816807
11.666 0.815072
11.676 0.816355
11.686 0.820112
11.696 0.824459
11.706 0.828975
11.716 0.826697
11.726 0.823877
11.736 0.816058
11.746 0.811333
11.756 0.807061
11.766 0.804226
11.776 0.806388
11.786 0.811905
11.796 0.820343
11.806 0.826070
11.816 0.826665
11.826 0.828295
11.836 0.826254
11.846 0.819316
11.856 0.814591
11.866 0.813017
11.876 0.807196
11.886 0.807914
11.896 0.809759
11.906 0.813066
11.916 0.814660
11.926 0.814848
11.936 0.815043
11.947 0.815062
11.957 0.813627
11.967 0.814495
11.977 0.814031
11.987 0.813821
11.997 0.813998
12.007 0.817791
12.017 0.816904
12.027 0.819621
12.037 0.822694
12.047 0.821225
12.057 0.816464
12.067 0.814769
12.077 0.817465
12.087 0.817947
12.097 0.820050
12.107 0.823382
12.118 0.823047
12.128 0.823202
12.138 0.820438
12.148 0.817483
12.158 0.814850
12.168 0.814353
12.178 0.813637
12.188 0.815852
12.198 0.811914
12.208 0.811146
12.218 0.808098
12.228 0.801944
12.238 0.788183
12.248 0.769851
12.258 0.748809
12.268 0.725214
12.278 0.719200
12.288 0.692133
12.298 0.620162
12.308 0.489895
12.318 0.357803
12.328 0.308949
12.338 0.280740
12.348 0.269416
12.358 0.273959
12.368 0.237664
12.378 0.244256
12.388 0.224549
12.398 0.216544
12.408 0.205484
12.418 0.206961
12.428 0.205030
12.438 0.194875
12.448 0.182864
12.459 0.183389
12.469 0.179917
12.479 0.203206
12.489 0.179964
12.499 0.176737
12.509 0.196275
12.519 0.208114
12.529 0.225313
12.539 0.221739
12.549 0.174850
12.559 0.144696
12.569 0.116699
12.579 0.100548
12.589 0.079830
12.599 0.054583
12.609 0.045239
12.619 0.039291
12.630 0.041541
12.640 0.060503
12.650 0.038610
12.660 0.036468
12.670 0.033205
12.680 0.036816
12.690 0.031650
12.700 0.031217
12.710 0.029692
12.720 0.030681
12.730 0.025949
12.740 0.014855
12.750 0.015478
12.760 0.013177
12.770 0.003964
12.780 -0.006222
12.790 -0.022242
12.800 -0.028649
12.810 -0.028293
12.820 -0.034630
12.830 -0.027110
12.840 -0.034946
12.850 -0.027655
12.860 -0.029907
12.870 -0.039903
12.880 -0.046319
12.890 -0.052892
12.900 -0.047538
12.910 -0.050996
12.920 -0.052141
12.930 -0.052583
12.940 -0.050093
12.950 -0.057684
12.960 -0.061948
12.971 -0.060578
12.981 -0.086488
12.991 -0.087048
13.001 -0.084334
13.011 -0.077264
13.021 -0.065386
13.031 -0.067807
13.041 -0.068391
13.051 -0.072647
13.061 -0.068048
13.071 -0.069419
13.081 -0.066680
13.091 -0.068191
13.101 -0.059976
13.111 -0.056649
13.121 -0.056691
13.131 -0.059361
13.142 -0.057210
13.152 -0.050262
13.162 -0.050041
13.172 -0.053604
13.182 -0.052969
13.192 -0.049109
13.202 -0.044391
13.212 -0.043085
13.222 -0.039582
13.232 -0.036891
13.242 -0.038010
13.252 -0.036141
13.262 -0.030676
13.272 -0.025405
13.282 -0.017899
13.292 -0.012999
13.302 -0.008688
13.312 -0.003687
13.322 0.003097
13.332 0.004380
13.342 0.006742
13.352 0.012844
13.362 0.021198
13.372 0.026042
13.382 0.028763
13.392 0.032052
13.402 0.036562
13.412 0.045966
13.422 0.048349
13.432 0.052024
13.442 0.060837
13.452 0.068758
13.462 0.074118
13.472 0.080831
13.483 0.090764
13.493 0.099572
13.503 0.103112
13.513 0.108202
13.523 0.114804
13.533 0.121843
13.543 0.126027
13.553 0.130912
13.563 0.135624
13.573 0.140985
13.583 0.143996
13.593 0.148754
13.603 0.144746
13.613 0.154073
13.623 0.159816
13.633 0.164631
13.643 0.168265
13.654 0.175946
13.664 0.180919
13.674 0.183363
13.684 0.182033
13.694 0.184431
13.704 0.185277
13.714 0.188317
13.724 0.187528
13.734 0.188681
13.744 0.192482
13.754 0.192063
13.764 0.191605
13.774 0.194122
13.784 0.195395
13.794 0.196253
13.804 0.193281
13.814 0.183477
13.824 0.183004
13.834 0.174308
13.844 0.171042
13.854 0.164062
13.864 0.155714
13.874 0.150489
13.884 0.143565
13.894 0.140727
13.904 0.134631
13.914 0.130444
13.924 0.128973
13.934 0.122040
13.944 0.119968
13.954 0.117209
13.964 0.111422
13.974 0.107817
13.984 0.106711
13.995 0.095190
14.005 0.093133
14.015 0.088773
14.025 0.081667
14.035 0.075627
14.045 0.071839
14.055 0.066597
14.065 0.064012
14.075 0.063560
14.085 0.060835
14.095 0.058984
14.105 0.051886
14.115 0.046338
14.125 0.042160
14.135 0.038811
14.145 0.029519
14.155 0.022119
14.166 0.017288
14.176 0.012487
14.186 0.005365
14.196 0.006109
14.206 0.004357
14.216 0.001977
14.226 -0.001421
14.236 -0.004496
14.246 -0.011559
14.256 -0.013212
14.266 -0.019212
14.276 -0.021515
14.286 -0.017848
14.296 -0.018639
14.306 -0.023440
14.316 -0.029297
14.326 -0.027035
14.336 -0.028763
14.346 -0.031076
14.356 -0.035105
14.366 -0.034307
14.376 -0.034184
14.386 -0.036029
14.396 -0.037115
14.406 -0.039620
14.416 -0.047370
14.426 -0.047904
14.436 -0.051360
14.446 -0.051180
14.456 -0.052841
14.466 -0.051488
14.476 -0.051952
14.486 -0.048804
14.496 -0.050924
14.507 -0.050733
14.517 -0.047287
14.527 -0.045122
14.537 -0.043971
14.547 -0.042246
14.557 -0.045005
14.567 -0.047407
14.577 -0.048116
14.587 -0.045274
14.597 -0.039441
14.607 -0.037119
14.617 -0.033867
14.627 -0.029675
14.637 -0.025757
14.647 -0.022548
14.657 -0.018834
14.667 -0.014869
14.678 -0.012088
14.688 -0.009428
14.698 -0.005063
14.708 -0.002374
14.718 0.001147
14.728 0.006439
14.738 0.013547
14.748 0.019641
14.758 0.025448
14.768 0.029840
14.778 0.033471
14.788 0.036078
14.798 0.037718
14.808 0.040078
14.818 0.046476
14.828 0.052699
14.838 0.057792
14.848 0.063029
14.858 0.068924
14.868 0.071960
14.878 0.075175
14.888 0.081959
14.898 0.089343
14.908 0.093876
14.918 0.098899
14.928 0.102122
14.938 0.107115
14.948 0.110333
14.958 0.114094
14.968 0.116325
14.978 0.118052
14.988 0.121544
14.998 0.127668
15.008 0.132002
15.019 0.135710
15.029 0.142140
15.039 0.138822
15.049 0.145133
15.059 0.147732
15.069 0.148567
15.079 0.149224
15.089 0.152807
15.099 0.150718
15.109 0.149471
15.119 0.151996
15.129 0.155980
15.139 0.166285
15.149 0.160614
15.159 0.167260
15.169 0.170947
15.179 0.171026
15.190 0.166529
15.200 0.164012
15.210 0.165522
15.220 0.160506
15.230 0.158300
15.240 0.153774
15.250 0.150776
15.260 0.145801
15.270 0.142141
15.280 0.137379
15.290 0.135089
15.300 0.125370
15.310 0.119765
15.320 0.115231
15.330 0.109198
15.340 0.108146
15.350 0.103900
15.360 0.102888
15.370 0.103204
15.380 0.102903
15.390 0.101769
15.400 0.100700
15.410 0.097673
15.420 0.093468
15.430 0.088452
15.440 0.085300
15.450 0.082085
15.460 0.075551
15.470 0.071534
15.480 0.057393
15.490 0.058913
15.500 0.052649
15.510 0.052712
15.520 0.043140
15.531 0.037816
15.541 0.038565
15.551 0.035307
15.561 0.023203
15.571 0.023814
15.581 0.025038
15.591 0.021744
15.601 0.018052
15.611 0.015438
15.621 0.013297
15.631 0.008985
15.641 0.007318
15.651 0.001048
15.661 -0.008779
15.671 -0.005882
15.681 -0.006034
15.691 -0.010107
15.702 -0.014526
15.712 -0.016927
15.722 -0.018095
15.732 -0.029641
15.742 -0.024213
15.752 -0.024694
15.762 -0.023479
15.772 -0.025355
15.782 -0.016432
15.792 -0.024384
15.802 -0.014779
15.812 -0.021064
15.822 -0.024374
15.832 -0.029344
15.842 -0.020124
15.852 -0.018332
15.862 -0.018804
15.872 -0.017518
15.882 -0.016093
15.892 -0.018169
15.902 -0.022991
15.912 -0.024492
15.922 -0.020580
15.932 -0.025899
15.942 -0.029425
15.952 -0.026692
15.962 -0.027797
15.972 -0.028018
15.982 -0.027205
15.992 -0.024949
16.002 -0.017018
16.012 -0.014267
16.022 -0.011319
16.032 -0.011484
16.043 -0.010843
16.053 -0.009999
16.063 -0.011014
16.073 -0.011350
16.083 -0.006113
16.093 -0.001479
16.103 0.007226
16.113 0.009252
16.123 0.017858
16.133 0.018651
16.143 0.027701
16.153 0.029775
16.163 0.032573
16.173 0.034160
16.183 0.035716
16.193 0.039176
16.203 0.042243
16.214 0.044749
16.224 0.048243
16.234 0.054783
16.244 0.060107
16.254 0.064579
16.264 0.068502
16.274 0.071970
16.284 0.073363
16.294 0.075928
16.304 0.081523
16.314 0.084802
16.324 0.089565
16.334 0.093217
16.344 0.096029
16.354 0.100048
16.364 0.103907
16.374 0.108176
16.384 0.109829
16.394 0.113239
16.404 0.114846
16.414 0.117167
16.424 0.117837
16.434 0.120835
16.444 0.123817
16.454 0.127606
16.464 0.130044
16.474 0.128501
16.484 0.134198
16.494 0.137933
16.504 0.136716
16.514 0.136659
16.524 0.140879
16.534 0.138621
16.544 0.139566
16.555 0.137587
16.565 0.140234
16.575 0.137800
16.585 0.139180
16.595 0.133916
16.605 0.145970
16.615 0.139080
16.625 0.132636
16.635 0.129396
16.645 0.128956
16.655 0.125208
16.665 0.119734
16.675 0.119835
16.685 0.119536
16.695 0.119231
16.705 0.117348
16.715 0.115682
16.726 0.113658
16.736 0.111453
16.746 0.109882
16.756 0.107663
16.766 0.104132
16.776 0.102115
16.786 0.097949
16.796 0.093451
16.806 0.088719
16.816 0.083640
16.826 0.081048
16.836 0.078007
16.846 0.076353
16.856 0.073074
16.866 0.070089
16.876 0.062950
16.886 0.064457
16.896 0.056226
16.906 0.052593
16.916 0.048567
16.926 0.051069
16.936 0.050536
16.946 0.044322
16.956 0.045729
16.966 0.034162
16.976 0.037702
16.986 0.029965
16.996 0.024099
17.006 0.021634
17.016 0.018561
17.026 0.017555
17.036 0.021873
17.046 0.018673
17.056 0.016789
17.067 0.014678
17.077 0.012048
17.087 0.010110
17.097 0.014275
17.107 0.011339
17.117 0.003739
17.127 0.005152
17.137 0.002941
17.147 -0.005962
17.157 -0.003779
17.167 -0.004704
17.177 -0.004590
17.187 -0.010136
17.197 -0.007929
17.207 -0.009830
17.217 -0.011962
17.227 -0.009365
17.238 -0.008585
17.248 -0.010743
17.258 -0.007400
17.268 -0.018920
17.278 -0.014808
17.288 -0.016718
17.298 -0.013467
17.308 -0.013400
17.318 -0.011608
17.328 -0.011040
17.338 -0.010287
17.348 -0.009404
17.358 -0.008871
17.368 -0.008119
17.378 -0.007391
17.388 -0.006030
17.398 -0.004991
17.408 -0.003009
17.418 -0.003229
17.428 -0.001689
17.438 0.000101
17.448 0.003025
17.458 0.003607
17.468 0.008074
17.478 0.009418
17.488 0.010776
17.498 0.009845
17.508 0.010333
17.518 0.015680
17.528 0.019334
17.538 0.024135
17.548 0.029528
17.558 0.035903
17.568 0.039831
17.579 0.041841
17.589 0.043694
17.599 0.047009
17.609 0.048251
17.619 0.053261
17.629 0.055326
17.639 0.060613
17.649 0.061717
17.659 0.065248
17.669 0.066717
17.679 0.069614
17.689 0.073461
17.699 0.074425
17.709 0.078698
17.719 0.080809
17.729 0.080465
17.739 0.082880
17.750 0.085273
17.760 0.088838
17.770 0.094433
17.780 0.098872
17.790 0.102036
17.800 0.107577
17.810 0.109688
17.820 0.111196
17.830 0.112506
17.840 0.112890
17.850 0.112392
17.860 0.111861
17.870 0.112916
17.880 0.113365
17.890 0.120150
17.900 0.120266
17.910 0.125956
17.920 0.125893
17.930 0.127812
17.940 0.126679
17.950 0.127506
17.960 0.124529
17.970 0.125259
17.980 0.124828
17.990 0.125516
18.000 0.123535
18.010 0.122094
18.020 0.121561
18.030 0.118850
18.040 0.117530
18.050 0.117138
18.060 0.116489
18.070 0.116856
18.080 0.113149
18.091 0.111305
18.101 0.108660
18.111 0.105647
18.121 0.105255
18.131 0.104161
18.141 0.103003
18.151 0.101593
18.161 0.098391
18.171 0.094200
18.181 0.090854
18.191 0.088567
18.201 0.087452
18.211 0.087566
18.221 0.085937
18.231 0.081785
18.241 0.079254
18.251 0.073992
18.262 0.070215
18.272 0.071643
18.282 0.068500
18.292 0.067697
18.302 0.066308
18.312 0.063017
18.322 0.060680
18.332 0.066295
18.342 0.054865
18.352 0.053890
18.362 0.052498
18.372 0.056598
18.382 0.044699
18.392 0.042855
18.402 0.039600
18.412 0.035881
18.422 0.027503
18.432 0.023997
18.442 0.023951
18.452 0.025045
18.462 0.012047
18.472 0.014607
18.482 0.017058
18.492 0.018422
18.502 0.017650
18.512 0.015770
18.522 0.019745
18.532 0.015362
18.542 0.010119
18.552 0.008428
18.562 0.011389
18.572 0.007985
18.582 0.007977
18.592 0.007085
18.603 0.008084
18.613 0.005823
18.623 -0.000218
18.633 -0.001243
18.643 0.001446
18.653 -0.001964
18.663 -0.001860
18.673 -0.004108
18.683 -0.005167
18.693 -0.006605
18.703 -0.003082
18.713 0.000526
18.723 0.001774
18.733 0.000242
18.743 0.003358
18.753 0.002358
18.763 0.005571
18.774 0.002256
18.784 0.003057
18.794 0.004201
18.804 0.007218
18.814 0.010921
18.824 0.012801
18.834 0.013644
18.844 0.013980
18.854 0.012005
18.864 0.011312
18.874 0.012346
18.884 0.011034
18.894 0.015266
18.904 0.020002
18.914 0.026895
18.924 0.035861
18.934 0.043705
18.944 0.051284
18.954 0.053672
18.964 0.057884
18.974 0.055682
18.984 0.052000
18.994 0.044606
19.004 0.042043
19.014 0.037800
19.024 0.037023
19.034 0.039882
19.044 0.042960
19.054 0.048999
19.064 0.056573
19.074 0.065711
19.084 0.073520
19.094 0.079297
19.104 0.082159
19.115 0.086415
19.125 0.088536
19.135 0.090491
19.145 0.092843
19.155 0.093818
19.165 0.095629
19.175 0.095829
19.185 0.097897
19.195 0.100241
19.205 0.098227
19.215 0.097349
19.225 0.096797
19.235 0.097938
19.245 0.099016
19.255 0.102490
19.265 0.104948
19.275 0.109074
19.286 0.111665
19.296 0.110099
19.306 0.111717
19.316 0.110732
19.326 0.111710
19.336 0.112867
19.346 0.111501
19.356 0.116405
19.366 0.119119
19.376 0.117593
19.386 0.118400
19.396 0.118494
19.406 0.119420
19.416 0.116507
19.426 0.113748
19.436 0.113595
19.446 0.111556
19.456 0.111810
19.466 0.106490
19.476 0.101017
19.486 0.096867
19.496 0.094637
19.506 0.092792
19.516 0.091190
19.526 0.091860
19.536 0.094125
19.546 0.090954
19.556 0.090991
19.566 0.090982
19.576 0.088209
19.586 0.083246
19.596 0.080550
19.606 0.078504
19.616 0.077252
19.627 0.076548
19.637 0.076254
19.647 0.076713
19.657 0.075081
19.667 0.072456
19.677 0.069705
19.687 0.065915
19.697 0.061129
19.707 0.058592
19.717 0.056562
19.727 0.056596
19.737 0.056752
19.747 0.054330
19.757 0.049222
19.767 0.050181
19.777 0.045424
19.787 0.043378
19.798 0.041139
19.808 0.038535
19.818 0.034744
19.828 0.034689
19.838 0.032640
19.848 0.031614
19.858 0.028055
19.868 0.028220
19.878 0.029100
19.888 0.028010
19.898 0.026101
19.908 0.024159
19.918 0.027642
19.928 0.023412
19.938 0.022262
19.948 0.007512
19.958 0.011815
19.968 0.008388
19.978 0.012191
19.988 0.009047
19.998 0.009900
20.008 0.013308
20.018 0.011563
20.028 0.014764
20.038 0.013342
20.048 0.012489
20.058 0.009056
20.068 0.008118
20.078 0.004848
20.088 0.005508
20.098 0.008000
20.108 0.009691
20.118 0.011343
20.128 0.006307
20.139 0.007323
20.149 0.008831
20.159 0.008209
20.169 0.009133
20.179 0.012819
20.189 0.013779
20.199 0.016081
20.209 0.016796
20.219 0.019392
20.229 0.018278
20.239 0.022897
20.249 0.024622
20.259 0.027979
20.269 0.029895
20.279 0.033109
20.289 0.038397
20.299 0.037708
20.310 0.039372
20.320 0.040115
20.330 0.038474
20.340 0.036298
20.350 0.036492
20.360 0.037763
20.370 0.039290
20.380 0.042156
20.390 0.045718
20.400 0.049236
20.410 0.051505
20.420 0.053543
20.430 0.056796
20.440 0.058965
20.450 0.064776
20.460 0.070089
20.470 0.072426
20.480 0.076268
20.490 0.076356
20.500 0.081200
20.510 0.081828
20.520 0.083798
20.530 0.084762
20.540 0.087987
20.550 0.089476
20.560 0.088290
20.570 0.089409
20.580 0.091251
20.590 0.090647
20.600 0.089936
20.610 0.091222
20.620 0.095565
20.630 0.097708
20.640 0.098629
20.651 0.099986
20.661 0.099579
20.671 0.102455
20.681 0.103861
20.691 0.103336
20.701 0.103462
20.711 0.101503
20.721 0.101287
20.731 0.104194
20.741 0.105797
20.751 0.102998
20.761 0.104261
20.771 0.107454
20.781 0.106431
20.791 0.107467
20.801 0.106977
20.811 0.109376
20.822 0.106922
20.832 0.106570
20.842 0.104783
20.852 0.103372
20.862 0.101047
20.872 0.096517
20.882 0.096397
20.892 0.096122
20.902 0.090422
20.912 0.089469
20.922 0.087384
20.932 0.085531
20.942 0.084169
20.952 0.082305
20.962 0.079996
20.972 0.080946
20.982 0.080502
20.992 0.081480
21.002 0.079479
21.012 0.080041
21.022 0.078983
21.032 0.084660
21.042 0.071826
21.052 0.072281
21.062 0.070937
21.072 0.069869
21.082 0.065894
21.092 0.060191
21.102 0.060034
21.112 0.052935
21.122 0.054792
21.132 0.052321
21.142 0.052728
21.152 0.053231
21.163 0.049320
21.173 0.047027
21.183 0.047276
21.193 0.042723
21.203 0.038647
21.213 0.031610
21.223 0.036967
21.233 0.031044
21.243 0.030170
21.253 0.025190
21.263 0.023102
21.273 0.026120
21.283 0.030285
21.293 0.025802
21.303 0.028856
21.313 0.029164
21.323 0.030730
21.334 0.034158
21.344 0.032579
21.354 0.029334
21.364 0.029088
21.374 0.028073
21.384 0.027762
21.394 0.024539
21.404 0.020517
21.414 0.022563
21.424 0.027816
21.434 0.025427
21.444 0.024572
21.454 0.019995
21.464 0.018891
21.474 0.013314
21.484 0.012890
21.494 0.014189
21.504 0.012540
21.514 0.012215
21.524 0.012048
21.534 0.013337
21.544 0.014292
21.554 0.015501
21.564 0.020785
21.574 0.026323
21.584 0.028435
21.594 0.027456
21.604 0.026134
21.614 0.022693
21.624 0.021749
21.634 0.023273
21.644 0.024389
21.654 0.027872
21.664 0.034104
21.675 0.035789
21.685 0.034860
21.695 0.037269
21.705 0.038968
21.715 0.040473
21.725 0.040894
21.735 0.045455
21.745 0.048283
21.755 0.051576
21.765 0.052268
21.775 0.053627
21.785 0.055562
21.795 0.054545
21.805 0.056456
21.815 0.058513
21.825 0.060822
21.835 0.061826
21.846 0.062636
21.856 0.061547
21.866 0.062235
21.876 0.062947
21.886 0.062864
21.896 0.065751
21.906 0.070759
21.916 0.076951
21.926 0.081172
21.936 0.086403
21.946 0.087850
21.956 0.089174
21.966 0.087932
21.976 0.087520
21.986 0.085064
21.996 0.085385
22.006 0.084549
22.016 0.085356
22.026 0.088419
22.036 0.090546
22.046 0.093275
22.056 0.095219
22.066 0.097025
22.076 0.093863
22.086 0.093950
22.096 0.096159
22.106 0.097260
22.116 0.101282
22.126 0.101886
22.136 0.102942
22.146 0.102329
22.156 0.101385
22.166 0.097742
22.176 0.098978
22.187 0.100620
22.197 0.101142
22.207 0.099750
22.217 0.099005
22.227 0.097110
22.237 0.095037
22.247 0.092092
22.257 0.089577
22.267 0.087928
22.277 0.088825
22.287 0.088769
22.297 0.089222
22.307 0.089798
22.317 0.089025
22.327 0.087620
22.337 0.084310
22.347 0.082682
22.358 0.080680
22.368 0.078231
22.378 0.075848
22.388 0.075529
22.398 0.073731
22.408 0.071530
22.418 0.068449
22.428 0.067472
22.438 0.067813
22.448 0.068739
22.458 0.070280
22.468 0.071509
22.478 0.070854
22.488 0.068891
22.498 0.060612
22.508 0.062534
22.518 0.057303
22.528 0.056563
22.538 0.053478
22.548 0.051419
22.558 0.049974
22.568 0.046082
22.578 0.045693
22.588 0.042765
22.598 0.041655
22.608 0.038361
22.618 0.038965
22.628 0.037023
22.638 0.039133
22.648 0.035653
22.658 0.034869
22.668 0.033357
22.678 0.033713
22.688 0.033742
22.699 0.033096
22.709 0.033613
22.719 0.031322
22.729 0.028498
22.739 0.023728
22.749 0.022519
22.759 0.026127
22.769 0.028006
22.779 0.030032
22.789 0.033334
22.799 0.032328
22.809 0.027207
22.819 0.024016
22.829 0.022761
22.839 0.019826
22.849 0.021947
22.859 0.021521
22.870 0.028877
22.880 0.031423
22.890 0.033175
22.900 0.032138
22.910 0.030726
22.920 0.028691
22.930 0.026544
22.940 0.022833
22.950 0.024080
22.960 0.022656
22.970 0.022680
22.980 0.023897
22.990 0.023517
23.000 0.026887
23.010 0.029456
23.020 0.032648
23.030 0.036729
23.040 0.038675
23.050 0.040936
23.060 0.040931
23.070 0.041595
23.080 0.042082
23.090 0.039821
23.100 0.042217
23.110 0.042420
23.120 0.045227
23.130 0.045556
23.140 0.047369
23.150 0.048770
23.160 0.051265
23.170 0.051142
23.180 0.051889
23.190 0.054550
23.200 0.054453
23.211 0.057719
23.221 0.060043
23.231 0.063034
23.241 0.065990
23.251 0.067882
23.261 0.067976
23.271 0.071268
23.281 0.072344
23.291 0.072726
23.301 0.071993
23.311 0.072351
23.321 0.073394
23.331 0.076997
23.341 0.079968
23.351 0.078903
23.361 0.083409
23.371 0.084461
23.382 0.085817
23.392 0.085645
23.402 0.084058
23.412 0.084625
23.422 0.085683
23.432 0.086732
23.442 0.086772
23.452 0.089790
23.462 0.091623
23.472 0.094718
23.482 0.094338
23.492 0.095271
23.502 0.091858
23.512 0.090212
23.522 0.086249
23.532 0.086366
23.542 0.087310
23.552 0.088375
23.562 0.089518
23.572 0.093977
23.582 0.096732
23.592 0.095931
23.602 0.095828
23.612 0.093145
23.622 0.091662
23.632 0.088657
23.642 0.087851
23.652 0.086401
23.662 0.083972
23.672 0.080117
23.682 0.077998
23.692 0.076862
23.702 0.075493
23.712 0.076341
23.723 0.082267
23.733 0.090332
23.743 0.095020
23.753 0.100405
23.763 0.096651
23.773 0.092251
23.783 0.083394
23.793 0.075394
23.803 0.070920
23.813 0.066205
23.823 0.061411
23.833 0.058012
23.843 0.057180
23.853 0.055919
23.863 0.053512
23.873 0.052729
23.883 0.053219
23.894 0.055159
23.904 0.062774
23.914 0.062002
23.924 0.061742
23.934 0.059266
23.944 0.056382
23.954 0.056019
23.964 0.050153
23.974 0.050469
23.984 0.051639
23.994 0.051813
24.004 0.054744
24.014 0.052987
24.024 0.055058
24.034 0.049456
24.044 0.047419
24.054 0.042088
24.064 0.038891
24.074 0.037054
24.084 0.034413
24.094 0.035294
24.104 0.035201
24.114 0.037203
24.124 0.036279
24.134 0.034740
24.144 0.034896
24.154 0.037154
24.164 0.033399
24.174 0.032187
24.184 0.029355
24.194 0.030469
24.204 0.026152
24.214 0.024182
24.224 0.027679
24.235 0.029451
24.245 0.033054
24.255 0.033245
24.265 0.034372
24.275 0.035483
24.285 0.033639
24.295 0.033571
24.305 0.032236
24.315 0.031657
24.325 0.031150
24.335 0.031913
24.345 0.034052
24.355 0.036902
24.365 0.036798
24.375 0.040415
24.385 0.041498
24.395 0.039018
24.406 0.037931
24.416 0.035173
24.426 0.034737
24.436 0.037003
24.446 0.037869
24.456 0.039607
24.466 0.043660
24.476 0.043094
24.486 0.042636
24.496 0.044200
24.506 0.045378
24.516 0.045417
24.526 0.047482
24.536 0.050240
24.546 0.052299
24.556 0.057052
24.566 0.059650
24.576 0.061642
24.586 0.063917
24.596 0.060540
24.606 0.060772
24.616 0.061383
24.626 0.061148
24.636 0.064288
24.646 0.067966
24.656 0.069086
24.666 0.069795
24.676 0.068726
24.686 0.069486
24.696 0.069234
24.706 0.068914
24.716 0.070757
24.726 0.071511
24.736 0.073148
24.747 0.076520
24.757 0.078481
24.767 0.080111
24.777 0.078947
24.787 0.076709
24.797 0.077918
24.807 0.081506
24.817 0.082161
24.827 0.084366
24.837 0.085025
24.847 0.087102
24.857 0.088375
24.867 0.088767
24.877 0.087457
24.887 0.084862
24.897 0.085107
24.907 0.110118
24.918 0.087964
24.928 0.088556
24.938 0.087877
24.948 0.086763
24.958 0.085802
24.968 0.083718
24.978 0.082385
24.988 0.078865
24.998 0.077668
25.008 0.075637
25.018 0.077056
25.028 0.079347
25.038 0.081452
25.048 0.085050
25.058 0.088346
25.068 0.089213
25.078 0.085926
25.088 0.083431
25.098 0.081051
25.108 0.078094
25.118 0.077028
25.128 0.076837
25.138 0.078383
25.148 0.077808
25.158 0.076579
25.168 0.075976
25.178 0.075593
25.188 0.074268
25.198 0.073731
25.208 0.069174
25.218 0.066480
25.228 0.062672
25.238 0.058417
25.248 0.057997
25.259 0.059648
25.269 0.063124
25.279 0.065263
25.289 0.067153
25.299 0.066439
25.309 0.066302
25.319 0.062940
25.329 0.061375
25.339 0.058267
25.349 0.056389
25.359 0.054342
25.369 0.052732
25.379 0.048224
25.389 0.049737
25.399 0.046821
25.409 0.046973
25.419 0.042435
25.430 0.043061
25.440 0.042250
25.450 0.041055
25.460 0.039941
25.470 0.041979
25.480 0.041103
25.490 0.041165
25.500 0.040646
25.510 0.040771
25.520 0.040891
25.530 0.043168
25.540 0.042621
25.550 0.042982
25.560 0.040582
25.570 0.036085
25.580 0.033786
25.590 0.031570
25.600 0.030476
25.610 0.033963
25.620 0.036934
25.630 0.039570
25.640 0.040134
25.650 0.036737
25.660 0.034970
25.670 0.032200
25.680 0.032269
25.690 0.033748
25.700 0.035190
25.710 0.038422
25.720 0.038310
25.730 0.037479
25.740 0.037273
25.750 0.036374
25.760 0.039107
25.771 0.042560
25.781 0.043908
25.791 0.044817
25.801 0.046878
25.811 0.045165
25.821 0.045572
25.831 0.046819
25.841 0.047115
25.851 0.046279
25.861 0.046320
25.871 0.046480
25.881 0.047267
25.891 0.043992
25.901 0.043500
25.911 0.046031
25.921 0.045689
25.931 0.045948
25.942 0.050125
25.952 0.053905
25.962 0.057398
25.972 0.060636
25.982 0.064783
25.992 0.064654
26.002 0.064641
26.012 0.065466
26.022 0.064963
26.032 0.068004
26.042 0.069334
26.052 0.070367
26.062 0.073519
26.072 0.074287
26.082 0.076829
26.092 0.073466
26.102 0.073668
26.112 0.072639
26.122 0.071659
26.132 0.071906
26.142 0.071656
26.152 0.070716
26.162 0.072007
26.172 0.071562
26.182 0.074419
26.192 0.074828
26.202 0.078344
26.212 0.082349
26.222 0.083346
26.232 0.084674
26.242 0.086961
26.252 0.084606
26.262 0.082414
26.272 0.081580
26.283 0.082224
26.293 0.084325
26.303 0.086463
26.313 0.087273
26.323 0.085867
26.333 0.084702
26.343 0.082826
26.353 0.081160
26.363 0.075717
26.373 0.076195
26.383 0.075064
26.393 0.077769
26.403 0.081804
26.413 0.082448
26.423 0.085217
26.433 0.085988
26.443 0.085601
26.454 0.083900
26.464 0.083901
26.474 0.080427
26.484 0.078329
26.494 0.079540
26.504 0.078586
26.514 0.080286
26.524 0.079144
26.534 0.074542
26.544 0.076689
26.554 0.074226
26.564 0.068282
26.574 0.066743
26.584 0.065066
26.594 0.061457
26.604 0.063205
26.614 0.061187
26.624 0.061332
26.634 0.063717
26.644 0.064242
26.654 0.062586
26.664 0.061157
26.674 0.061011
26.684 0.061800
26.694 0.062822
26.704 0.062674
26.714 0.062978
26.724 0.060961
26.734 0.059849
26.744 0.052755
26.754 0.049025
26.764 0.047216
26.774 0.049331
26.784 0.050396
26.795 0.052821
26.805 0.054820
26.815 0.053434
26.825 0.048932
26.835 0.045373
26.845 0.045298
26.855 0.047229
26.865 0.049980
26.875 0.050977
26.885 0.053034
26.895 0.050416
26.905 0.045568
26.915 0.041322
26.925 0.039238
26.935 0.038220
26.945 0.038026
26.955 0.036403
26.966 0.034474
26.976 0.034636
26.986 0.036353
26.996 0.034354
27.006 0.037137
27.016 0.040539
27.026 0.043152
27.036 0.045634
27.046 0.046935
27.056 0.047141
27.066 0.042522
27.076 0.040151
27.086 0.040803
27.096 0.040315
27.106 0.042942
27.116 0.042966
27.126 0.043949
27.136 0.046979
27.146 0.048214
27.156 0.047343
27.166 0.044768
27.176 0.042503
27.186 0.041614
27.196 0.042588
27.206 0.044671
27.216 0.046450
27.226 0.047359
27.236 0.044532
27.246 0.043387
27.256 0.046333
27.266 0.046287
27.276 0.051392
27.286 0.055915
27.296 0.059858
27.307 0.060874
27.317 0.060657
27.327 0.063397
27.337 0.062059
27.347 0.060202
27.357 0.059919
27.367 0.060557
27.377 0.063720
27.387 0.060533
27.397 0.061439
27.407 0.059904
27.417 0.060198
27.427 0.058133
27.437 0.057162
27.447 0.060966
27.457 0.062632
27.467 0.065518
27.478 0.071925
27.488 0.076430
27.498 0.079694
27.508 0.081546
27.518 0.080015
27.528 0.081385
27.538 0.078521
27.548 0.073353
27.558 0.071034
27.568 0.070350
27.578 0.072662
27.588 0.074042
27.598 0.079089
27.608 0.079239
27.618 0.081616
27.628 0.080708
27.638 0.079501
27.648 0.080195
27.658 0.080207
27.668 0.079224
27.678 0.080298
27.688 0.079472
27.698 0.080863
27.708 0.080663
27.718 0.080524
27.728 0.081242
27.738 0.080723
27.748 0.079225
27.758 0.081120
27.768 0.081164
27.778 0.081275
27.788 0.081780
27.798 0.080470
27.808 0.079204
27.819 0.076765
27.829 0.072428
27.839 0.072163
27.849 0.076374
27.859 0.081483
27.869 0.083896
27.879 0.084588
27.889 0.081144
27.899 0.076735
27.909 0.072268
27.919 0.065275
27.929 0.061872
27.939 0.062279
27.949 0.062165
27.959 0.065315
27.969 0.066310
27.979 0.069427
27.990 0.068289
28.000 0.067356
28.010 0.067222
28.020 0.067384
28.030 0.066635
28.040 0.065666
28.050 0.066474
28.060 0.065708
28.070 0.063957
28.080 0.062213
28.090 0.059916
28.100 0.057570
28.110 0.055049
28.120 0.054886
28.130 0.055048
28.140 0.055150
28.150 0.053933
28.160 0.054607
28.170 0.056890
28.180 0.058020
28.190 0.056496
28.200 0.054983
28.210 0.055715
28.220 0.055647
28.230 0.052117
28.240 0.049865
28.250 0.049414
28.260 0.047015
28.270 0.042687
28.280 0.040183
28.290 0.041470
28.300 0.042681
28.310 0.042240
28.320 0.043878
28.331 0.043339
28.341 0.044709
28.351 0.045652
28.361 0.043726
28.371 0.043953
28.381 0.044283
28.391 0.042112
28.401 0.041660
28.411 0.041237
28.421 0.042976
28.431 0.042619
28.441 0.042353
28.451 0.047235
28.461 0.048681
28.471 0.049993
28.481 0.052332
28.491 0.052962
28.502 0.050264
28.512 0.046477
28.522 0.043064
28.532 0.040690
28.542 0.039578
28.552 0.040181
28.562 0.045040
28.572 0.050901
28.582 0.054622
28.592 0.056026
28.602 0.054620
28.612 0.052519
28.622 0.051897
28.632 0.047035
28.642 0.047819
28.652 0.051050
28.662 0.054004
28.672 0.056816
28.682 0.055294
28.692 0.058322
28.702 0.059634
28.712 0.059191
28.722 0.059673
28.732 0.059552
28.742 0.059746
28.752 0.060496
28.762 0.061383
28.772 0.060261
28.782 0.062998
28.792 0.061688
28.802 0.063795
28.812 0.064907
28.822 0.067043
28.832 0.067120
28.843 0.066906
28.853 0.064710
28.863 0.067307
28.873 0.062622
28.883 0.065820
28.893 0.072304
28.903 0.072764
28.913 0.074672
28.923 0.077638
28.933 0.076233
28.943 0.074798
28.953 0.072078
28.963 0.068279
28.973 0.068476
28.983 0.070075
28.993 0.075128
29.003 0.077569
29.014 0.079155
29.024 0.083555
29.034 0.081473
29.044 0.080362
29.054 0.077864
29.064 0.075536
29.074 0.070575
29.084 0.067925
29.094 0.070831
29.104 0.073242
29.114 0.078621
29.124 0.081583
29.134 0.081124
29.144 0.080129
29.154 0.075903
29.164 0.073704
29.174 0.072145
29.184 0.070760
29.194 0.070558
29.204 0.071172
29.214 0.071227
29.224 0.069136
29.234 0.071812
29.244 0.075705
29.254 0.077765
29.264 0.079697
29.274 0.081034
29.284 0.081819
29.294 0.081933
29.304 0.077235
29.314 0.070437
29.324 0.068383
29.334 0.067360
29.344 0.069569
29.355 0.070553
29.365 0.073346
29.375 0.074729
29.385 0.074282
29.395 0.067227
29.405 0.060517
29.415 0.056966
29.425 0.052819
29.435 0.051872
29.445 0.052874
29.455 0.058550
29.465 0.061372
29.475 0.063973
29.485 0.065085
29.495 0.065094
29.505 0.063660
29.515 0.062769
29.526 0.063196
29.536 0.061511
29.546 0.063125
29.556 0.061288
29.566 0.057940
29.576 0.052447
29.586 0.050009
29.596 0.050317
29.606 0.045978
29.616 0.045818
29.626 0.043717
29.636 0.044425
29.646 0.044351
29.656 0.048055
29.666 0.051433
29.676 0.054579
29.686 0.056125
29.696 0.055415
29.706 0.055223
29.716 0.054577
29.726 0.054822
29.736 0.053694
29.746 0.052343
29.756 0.048767
29.766 0.045510
29.776 0.042993
29.786 0.041249
29.796 0.041305
29.806 0.039126
29.816 0.043205
29.826 0.045241
29.836 0.049994
29.846 0.052399
29.856 0.052414
29.867 0.049698
29.877 0.045412
29.887 0.042260
29.897 0.044485
29.907 0.043751
29.917 0.047498
29.927 0.051423
29.937 0.053902
29.947 0.055947
29.957 0.055544
29.967 0.054172
29.977 0.050522
29.987 0.052886
29.997 0.050049
30.007 0.047572
30.017 0.044653
30.027 0.045749
30.038 0.052687
30.048 0.056835
30.058 0.057621
30.068 0.059422
30.078 0.061469
30.088 0.059590
30.098 0.062474
30.108 0.061410
30.118 0.062208
30.128 0.061965
30.138 0.063602
30.148 0.061021
30.158 0.060679
30.168 0.062396
30.178 0.061778
30.188 0.059732
30.198 0.059103
30.208 0.059804
30.218 0.063046
30.228 0.066433
30.238 0.070080
30.248 0.073052
30.258 0.074334
30.268 0.075067
30.278 0.072909
30.288 0.070450
30.298 0.070004
30.308 0.069228
30.318 0.068905
30.328 0.067874
30.338 0.070404
30.348 0.070919
30.358 0.069292
30.368 0.069438
30.379 0.071771
30.389 0.075023
30.399 0.077553
30.409 0.078005
30.419 0.077316
30.429 0.077289
30.439 0.076611
30.449 0.073495
30.459 0.070707
30.469 0.067092
30.479 0.065673
30.489 0.067123
30.499 0.067941
30.509 0.071151
30.519 0.077470
30.529 0.080933
30.539 0.079632
30.550 0.079584
30.560 0.075139
30.570 0.070634
30.580 0.067396
30.590 0.067153
30.600 0.067914
30.610 0.070499
30.620 0.074644
30.630 0.078245
30.640 0.079152
30.650 0.078707
30.660 0.077782
30.670 0.075565
30.680 0.069946
30.690 0.065848
30.700 0.063654
30.710 0.064236
30.720 0.062801
30.730 0.067021
30.740 0.065634
30.750 0.064622
30.760 0.064630
30.770 0.064549
30.780 0.064479
30.790 0.065003
30.800 0.066145
30.810 0.063493
30.820 0.061041
30.830 0.060349
30.840 0.057528
30.850 0.055478
30.860 0.056649
30.870 0.058322
30.880 0.060048
30.891 0.061131
30.901 0.061216
30.911 0.059095
30.921 0.059281
30.931 0.056791
30.941 0.054059
30.951 0.052873
30.961 0.052662
30.971 0.052909
30.981 0.053903
30.991 0.052933
31.001 0.050165
31.011 0.050735
31.021 0.050842
31.031 0.050991
31.041 0.055513
31.051 0.056219
31.062 0.054222
31.072 0.052682
31.082 0.048782
31.092 0.047333
31.102 0.045954
31.112 0.044941
31.122 0.045740
31.132 0.047891
31.142 0.047677
31.152 0.049722
31.162 0.049468
31.172 0.049448
31.182 0.050560
31.192 0.049957
31.202 0.052346
31.212 0.052791
31.222 0.053450
31.232 0.051953
31.242 0.052177
31.252 0.050396
31.262 0.048917
31.272 0.048134
31.282 0.047802
31.292 0.045864
31.302 0.046342
31.312 0.044459
31.322 0.046275
31.332 0.048569
31.342 0.051176
31.352 0.050593
31.362 0.053167
31.372 0.053530
31.382 0.054587
31.392 0.054161
31.403 0.053539
31.413 0.055200
31.423 0.055067
31.433 0.055240
31.443 0.056177
31.453 0.058272
31.463 0.058383
31.473 0.057489
31.483 0.059587
31.493 0.058838
31.503 0.056687
31.513 0.056772
31.523 0.056612
31.533 0.059136
31.543 0.060474
31.553 0.062861
31.563 0.063348
31.574 0.064515
31.584 0.062728
31.594 0.064078
31.604 0.063797
31.614 0.065218
31.624 0.067146
31.634 0.067525
31.644 0.069170
31.654 0.068396
31.664 0.067144
31.674 0.068897
31.684 0.064738
31.694 0.066379
31.704 0.065475
31.714 0.071845
31.724 0.072197
31.734 0.071702
31.744 0.070121
31.754 0.070542
31.764 0.069800
31.774 0.067561
31.784 0.069461
31.794 0.071169
31.804 0.071438
31.814 0.072907
31.824 0.073722
31.834 0.075050
31.844 0.075761
31.854 0.074437
31.864 0.074420
31.874 0.072220
31.884 0.074491
31.894 0.070847
31.904 0.069117
31.915 0.069928
31.925 0.072331
31.935 0.075568
31.945 0.075152
31.955 0.076287
31.965 0.075841
31.975 0.074493
31.985 0.072117
31.995 0.070028
32.005 0.067780
32.015 0.067596
32.025 0.065436
32.035 0.069083
32.045 0.070089
32.055 0.070245
32.065 0.070150
32.075 0.070615
32.086 0.072246
32.096 0.071908
32.106 0.072138
32.116 0.070645
32.126 0.068907
32.136 0.066831
32.146 0.063543
32.156 0.063410
32.166 0.059172
32.176 0.058323
32.186 0.057279
32.196 0.058380
32.206 0.060274
32.216 0.061515
32.226 0.063481
32.236 0.065709
32.246 0.066539
32.256 0.065758
32.266 0.062976
32.276 0.059313
32.286 0.059165
32.296 0.057614
32.306 0.057654
32.316 0.058207
32.326 0.058198
32.336 0.058771
32.346 0.055568
32.356 0.052211
32.366 0.049939
32.376 0.048544
32.386 0.047543
32.396 0.049901
32.406 0.052436
32.416 0.053945
32.427 0.056347
32.437 0.056497
32.447 0.056524
32.457 0.055737
32.467 0.054749
32.477 0.055130
32.487 0.053075
32.497 0.052216
32.507 0.051301
32.517 0.051460
32.527 0.051258
32.537 0.053694
32.547 0.053892
32.557 0.051317
32.567 0.051374
32.577 0.049614
32.587 0.048247
32.598 0.047432
32.608 0.048103
32.618 0.050199
32.628 0.053593
32.638 0.056261
32.648 0.058283
32.658 0.062264
32.668 0.061316
32.678 0.057540
32.688 0.034153
32.698 0.052226
32.708 0.054032
32.718 0.052415
32.728 0.052612
32.738 0.053738
32.748 0.051786
32.758 0.051751
32.768 0.051293
32.778 0.051282
32.788 0.049995
32.798 0.050108
32.808 0.050854
32.818 0.053860
32.828 0.056444
32.838 0.057769
32.848 0.060467
32.858 0.061395
32.868 0.062271
32.878 0.061072
32.888 0.062788
32.898 0.064928
32.908 0.065596
32.918 0.067746
32.928 0.068308
32.939 0.067430
32.949 0.066538
32.959 0.063863
32.969 0.061460
32.979 0.058776
32.989 0.058148
32.999 0.059337
33.009 0.060754
33.019 0.065673
33.029 0.068140
33.039 0.068592
33.049 0.067340
33.059 0.067743
33.069 0.067462
33.079 0.067633
33.089 0.066253
33.099 0.064820
33.110 0.063147
33.120 0.063936
33.130 0.066113
33.140 0.068662
33.150 0.097133
33.160 0.076058
33.170 0.076579
33.180 0.075008
33.190 0.070578
33.200 0.067013
33.210 0.065042
33.220 0.066780
33.230 0.066237
33.240 0.069393
33.250 0.072714
33.260 0.074168
33.270 0.075177
33.280 0.072984
33.290 0.070079
33.300 0.068665
33.310 0.066672
33.320 0.066042
33.330 0.066401
33.340 0.065503
33.350 0.069630
33.360 0.069831
33.370 0.071036
33.380 0.071297
33.390 0.069799
33.400 0.071484
33.410 0.069493
33.420 0.065738
33.430 0.063635
33.440 0.060413
33.451 0.061431
33.461 0.061295
33.471 0.064468
33.481 0.068568
33.491 0.074160
33.501 0.075901
33.511 0.073676
33.521 0.072322
33.531 0.066859
33.541 0.063245
33.551 0.056688
33.561 0.057242
33.571 0.057028
33.581 0.057977
33.591 0.058879
33.601 0.061239
33.611 0.059476
33.622 0.058589
33.632 0.060077
33.642 0.060835
33.652 0.060919
33.662 0.059933
33.672 0.061212
33.682 0.062544
33.692 0.063888
33.702 0.065844
33.712 0.064148
33.722 0.063436
33.732 0.060661
33.742 0.057944
33.752 0.053411
33.762 0.049358
33.772 0.047672
33.782 0.048463
33.792 0.050895
33.802 0.052446
33.812 0.053096
33.822 0.054734
33.832 0.056171
33.842 0.057204
33.852 0.059208
33.862 0.058996
33.872 0.060538
33.882 0.061141
33.892 0.060927
33.902 0.059919
33.912 0.057864
33.922 0.056918
33.932 0.055960
33.942 0.055437
33.952 0.053162
33.963 0.051169
33.973 0.049795
33.983 0.049933
33.993 0.049253
34.003 0.051842
34.013 0.052751
34.023 0.053521
34.033 0.053234
34.043 0.054226
34.053 0.057737
34.063 0.058668
34.073 0.059482
34.083 0.060737
34.093 0.061642
34.103 0.059043
34.113 0.057329
34.123 0.054254
34.134 0.054548
34.144 0.051751
34.154 0.054035
34.164 0.053601
34.174 0.055696
34.184 0.054913
34.194 0.056921
34.204 0.058087
34.214 0.058926
34.224 0.060818
34.234 0.061699
34.244 0.063564
34.254 0.060989
34.264 0.061215
34.274 0.061958
34.284 0.063135
34.294 0.062053
34.304 0.063367
34.314 0.064087
34.324 0.064545
34.334 0.061811
34.344 0.059599
34.354 0.059290
34.364 0.055954
34.374 0.056343
34.384 0.057790
34.394 0.059410
34.404 0.064596
34.414 0.071066
34.424 0.072928
34.434 0.075281
34.444 0.072984
34.454 0.071814
34.464 0.070803
34.475 0.066605
34.485 0.066714
34.495 0.065129
34.505 0.062421
34.515 0.060763
34.525 0.060464
34.535 0.058756
34.545 0.061553
34.555 0.064258
34.565 0.070151
34.575 0.073045
34.585 0.072936
34.595 0.073187
34.605 0.073287
34.615 0.072229
34.625 0.069143
34.635 0.068837
34.646 0.070114
34.656 0.072832
34.666 0.073492
34.676 0.071262
34.686 0.070448
34.696 0.067250
34.706 0.064824
34.716 0.063984
34.726 0.060749
34.736 0.059647
34.746 0.060411
34.756 0.061268
34.766 0.065340
34.776 0.068123
34.786 0.071007
34.796 0.071915
34.806 0.072878
34.816 0.071945
34.826 0.072033
34.836 0.069024
34.846 0.068692
34.856 0.068398
34.866 0.068300
34.876 0.067210
34.886 0.063970
34.896 0.062779
34.906 0.061402
34.916 0.062110
34.926 0.061393
34.936 0.063124
34.946 0.063846
34.956 0.061233
34.966 0.060374
34.976 0.060193
34.987 0.059887
34.997 0.061391
35.007 0.062714
35.017 0.063576
35.027 0.063860
35.037 0.063052
35.047 0.063164
35.057 0.063823
35.067 0.062291
35.077 0.060927
35.087 0.059263
35.097 0.055214
35.107 0.054707
35.117 0.055778
35.127 0.055209
35.137 0.057944
35.147 0.059554
35.158 0.058932
35.168 0.058041
35.178 0.055196
35.188 0.053670
35.198 0.053037
35.208 0.052797
35.218 0.055747
35.228 0.059762
35.238 0.062997
35.248 0.063922
35.258 0.062040
35.268 0.060071
35.278 0.057364
35.288 0.052370
35.298 0.048084
35.308 0.047057
35.318 0.046820
35.328 0.046833
35.338 0.048307
35.348 0.053988
35.358 0.057200
35.368 0.057713
35.378 0.056848
35.388 0.056393
35.398 0.057329
35.408 0.060329
35.418 0.061820
35.428 0.062583
35.438 0.061634
35.448 0.060250
35.458 0.058940
35.468 0.056507
35.478 0.055256
35.488 0.056171
35.499 0.056838
35.509 0.057899
35.519 0.056958
35.529 0.056658
35.539 0.057400
35.549 0.055976
35.559 0.056555
35.569 0.059531
35.579 0.060909
35.589 0.062932
35.599 0.064603
35.609 0.064097
35.619 0.066641
35.629 0.064501
35.639 0.064828
35.649 0.063425
35.659 0.061769
35.670 0.060449
35.680 0.062062
35.690 0.062940
35.700 0.065132
35.710 0.066028
35.720 0.066344
35.730 0.065360
35.740 0.064539
35.750 0.062233
35.760 0.061467
35.770 0.062083
35.780 0.063272
35.790 0.065916
35.800 0.068777
35.810 0.070263
35.820 0.070191
35.830 0.067455
35.840 0.069099
35.850 0.068919
35.860 0.066093
35.870 0.066215
35.880 0.063930
35.890 0.063193
35.900 0.063080
35.910 0.066318
35.920 0.069053
35.930 0.070782
35.940 0.071632
35.950 0.072167
35.960 0.071005
35.970 0.069207
35.980 0.067187
35.990 0.064281
36.000 0.061505
36.011 0.062073
36.021 0.062833
36.031 0.065036
36.041 0.066188
36.051 0.069156
36.061 0.069463
36.071 0.070019
36.081 0.069872
36.091 0.067972
36.101 0.068486
36.111 0.069560
36.121 0.071215
36.131 0.072706
36.141 0.072035
36.151 0.071632
36.161 0.071572
36.171 0.067106
36.182 0.066689
36.192 0.066089
36.202 0.064858
36.212 0.063288
36.222 0.062088
36.232 0.064081
36.242 0.066906
36.252 0.068092
36.262 0.070470
36.272 0.070956
36.282 0.071810
36.292 0.069673
36.302 0.068036
36.312 0.064804
36.322 0.062655
36.332 0.057126
36.342 0.055511
36.352 0.056392
36.362 0.059929
36.372 0.063878
36.382 0.065761
36.392 0.068711
36.402 0.067924
36.412 0.067168
36.422 0.063031
36.432 0.062171
36.442 0.063948
36.452 0.063823
36.462 0.063020
36.472 0.063094
36.482 0.061314
36.492 0.061354
36.502 0.058300
36.512 0.057133
36.523 0.055560
36.533 0.055094
36.543 0.057882
36.553 0.058713
36.563 0.060052
36.573 0.061120
36.583 0.061874
36.593 0.060515
36.603 0.059039
36.613 0.057301
36.623 0.055723
36.633 0.057759
36.643 0.059324
36.653 0.061534
36.663 0.059553
36.673 0.057684
36.683 0.059125
36.694 0.057387
36.704 0.058276
36.714 0.058005
36.724 0.058200
36.734 0.057269
36.744 0.056758
36.754 0.056356
36.764 0.056796
36.774 0.054458
36.784 0.056570
36.794 0.056240
36.804 0.058993
36.814 0.061385
36.824 0.062689
36.834 0.067471
36.844 0.065807
36.854 0.065613
36.864 0.063185
36.874 0.060854
36.884 0.059270
36.894 0.058803
36.904 0.059786
36.914 0.060080
36.924 0.060464
36.934 0.059054
36.944 0.060000
36.954 0.059857
36.964 0.061006
36.974 0.061077
36.984 0.060437
36.994 0.063443
37.004 0.063714
37.014 0.066340
37.024 0.068425
37.035 0.066880
37.045 0.066296
37.055 0.064329
37.065 0.062633
37.075 0.063506
37.085 0.062994
37.095 0.066570
37.105 0.067888
37.115 0.068439
37.125 0.067026
37.135 0.066695
37.145 0.066572
37.155 0.062832
37.165 0.062030
37.175 0.061306
37.185 0.066532
37.195 0.069170
37.206 0.070995
37.216 0.070859
37.226 0.070384
37.236 0.068441
37.246 0.066233
37.256 0.062958
37.266 0.061654
37.276 0.059772
37.286 0.060018
37.296 0.063391
37.306 0.066076
37.316 0.070088
37.326 0.071359
37.336 0.071576
37.346 0.071628
37.356 0.072305
37.366 0.070628
37.376 0.069104
37.386 0.066335
37.396 0.063539
37.406 0.063290
37.416 0.063603
37.426 0.065353
37.436 0.068246
37.446 0.072200
37.456 0.073039
37.466 0.069153
37.476 0.070824
37.486 0.066863
37.496 0.064006
37.506 0.061169
37.516 0.058423
37.526 0.059862
37.536 0.062524
37.547 0.065914
37.557 0.068218
37.567 0.068873
37.577 0.069651
37.587 0.069193
37.597 0.066545
37.607 0.068444
37.617 0.069093
37.627 0.070601
37.637 0.070621
37.647 0.069786
37.657 0.068762
37.667 0.066461
37.677 0.062572
37.687 0.060737
37.697 0.062135
37.707 0.063364
37.718 0.062459
37.728 0.062713
37.738 0.062718
37.748 0.063918
37.758 0.061285
37.768 0.059237
37.778 0.060852
37.788 0.061133
37.798 0.064639
37.808 0.066304
37.818 0.066729
37.828 0.066742
37.838 0.068745
37.848 0.066724
37.858 0.066638
37.868 0.067104
37.878 0.067180
37.888 0.065011
37.898 0.063861
37.908 0.061198
37.918 0.057947
37.928 0.057600
37.938 0.054432
37.948 0.053625
37.958 0.055704
37.968 0.059479
37.978 0.062171
37.988 0.064147
37.998 0.090389
38.008 0.064108
38.018 0.090035
38.028 0.064412
38.038 0.064107
38.048 0.064378
38.059 0.062887
38.069 0.063320
38.079 0.062551
38.089 0.060153
38.099 0.058597
38.109 0.058592
38.119 0.060193
38.129 0.061057
38.139 0.062894
38.149 0.062922
38.159 0.063343
38.169 0.058215
38.179 0.057577
38.189 0.056512
38.199 0.059255
38.209 0.060804
38.219 0.062135
38.230 0.062927
38.240 0.064809
38.250 0.064570
38.260 0.062242
38.270 0.060238
38.280 0.059711
38.290 0.062107
38.300 0.063200
38.310 0.063910
38.320 0.065351
38.330 0.063904
38.340 0.061893
38.350 0.059562
38.360 0.060492
38.370 0.061973
38.380 0.062648
38.390 0.064712
38.400 0.067974
38.410 0.065400
38.420 0.065109
38.430 0.064993
38.440 0.064316
38.450 0.064781
38.460 0.065048
38.470 0.063710
38.480 0.063742
38.490 0.061072
38.500 0.062122
38.510 0.058989
38.520 0.059858
38.530 0.063576
38.540 0.064972
38.550 0.065991
38.560 0.067381
38.571 0.069348
38.581 0.070373
38.591 0.068742
38.601 0.067559
38.611 0.066217
38.621 0.064970
38.631 0.063902
38.641 0.065686
38.651 0.064200
38.661 0.063079
38.671 0.060675
38.681 0.062024
38.691 0.062563
38.701 0.063507
38.711 0.064086
38.721 0.065534
38.731 0.066704
38.742 0.066965
38.752 0.066786
38.762 0.064575
38.772 0.062583
38.782 0.064941
38.792 0.064702
38.802 0.067262
38.812 0.070015
38.822 0.071768
38.832 0.071834
38.842 0.070418
38.852 0.067885
38.862 0.065408
38.872 0.063492
38.882 0.061261
38.892 0.060313
38.902 0.060473
38.912 0.061729
38.922 0.063927
38.932 0.067318
38.942 0.067269
38.952 0.070177
38.962 0.068953
38.972 0.067627
38.982 0.065349
38.992 0.064567
39.002 0.062354
39.012 0.062284
39.022 0.064258
39.032 0.067295
39.042 0.069071
39.052 0.071664
39.062 0.071083
39.072 0.069276
39.083 0.068451
39.093 0.066653
39.103 0.067270
39.113 0.067192
39.123 0.065897
39.133 0.065196
39.143 0.061324
39.153 0.060082
39.163 0.059927
39.173 0.060114
39.183 0.061911
39.193 0.062009
39.203 0.062760
39.213 0.062120
39.223 0.059853
39.233 0.060622
39.243 0.061068
39.254 0.060959
39.264 0.062246
39.274 0.063928
39.284 0.041960
39.294 0.065088
39.304 0.042737
39.314 0.061978
39.324 0.060771
39.334 0.058116
39.344 0.061030
39.354 0.064204
39.364 0.064444
39.374 0.064895
39.384 0.063616
39.394 0.061276
39.404 0.057561
39.414 0.054148
39.424 0.053165
39.434 0.054056
39.444 0.053655
39.454 0.055827
39.464 0.058848
39.474 0.062017
39.484 0.064979
39.494 0.068569
39.504 0.069177
39.514 0.069498
39.524 0.068889
39.534 0.066326
39.544 0.064381
39.554 0.060343
39.564 0.058199
39.574 0.057076
39.584 0.056831
39.595 0.054904
39.605 0.053881
39.615 0.053826
39.625 0.054766
39.635 0.057739
39.645 0.058144
39.655 0.063736
39.665 0.065311
39.675 0.068155
39.685 0.069889
39.695 0.071050
39.705 0.068687
39.715 0.067882
39.725 0.064659
39.735 0.063892
39.745 0.060972
39.755 0.062365
39.766 0.062219
39.776 0.063014
39.786 0.062263
39.796 0.062816
39.806 0.060950
39.816 0.060383
39.826 0.060907
39.836 0.061718
39.846 0.064767
39.856 0.065938
39.866 0.066509
39.876 0.066065
39.886 0.064169
39.896 0.062784
39.906 0.061580
39.916 0.062172
39.926 0.062237
39.936 0.064799
39.946 0.065651
39.956 0.064544
39.966 0.065629
39.976 0.069205
39.986 0.070176
39.996 0.066797
40.006 0.066482
40.016 0.065043
40.026 0.063464
40.036 0.061156
40.046 0.058286
40.056 0.059824
40.066 0.061900
40.076 0.063067
40.086 0.064386
40.096 0.064164
40.107 0.065629
40.117 0.064326
40.127 0.061997
40.137 0.057718
40.147 0.058644
40.157 0.058905
40.167 0.061796
40.177 0.066395
40.187 0.068442
40.197 0.068972
40.207 0.069372
40.217 0.066338
40.227 0.062345
40.237 0.060448
40.247 0.059128
40.257 0.059667
40.267 0.059947
40.278 0.060193
40.288 0.063566
40.298 0.066328
40.308 0.067297
40.318 0.065239
40.328 0.066008
40.338 0.065914
40.348 0.063418
40.358 0.062257
40.368 0.060148
40.378 0.060536
40.388 0.058666
40.398 0.061667
40.408 0.063881
40.418 0.067160
40.428 0.066968
40.438 0.065751
40.448 0.066622
40.458 0.066082
40.468 0.062944
40.478 0.057615
40.488 0.059263
40.498 0.057937
40.508 0.061288
40.518 0.061111
40.528 0.063660
40.538 0.064655
40.548 0.065937
40.558 0.065041
40.568 0.065164
40.578 0.064765
40.588 0.064316
40.598 0.062030
40.608 0.062597
40.619 0.062786
40.629 0.064625
40.639 0.061927
40.649 0.064098
40.659 0.063493
40.669 0.063120
40.679 0.063100
40.689 0.063117
40.699 0.062639
40.709 0.060634
40.719 0.059453
40.729 0.059249
40.739 0.060882
40.749 0.062051
40.759 0.065196
40.769 0.067166
40.779 0.069036
40.790 0.067932
40.800 0.065434
40.810 0.062500
40.820 0.058570
40.830 0.055398
40.840 0.053763
40.850 0.053755
40.860 0.052970
40.870 0.055809
40.880 0.056031
40.890 0.057958
40.900 0.059338
40.910 0.062119
40.920 0.062319
40.930 0.065008
40.940 0.068563
40.950 0.068733
40.960 0.069334
40.970 0.066976
40.980 0.065036
40.990 0.060884
41.000 0.056769
41.010 0.055882
41.020 0.055146
41.030 0.056009
41.040 0.057439
41.050 0.057743
41.060 0.059843
41.070 0.063207
41.080 0.067210
41.090 0.068634
41.100 0.065775
41.110 0.065122
41.120 0.062260
41.131 0.060450
41.141 0.057432
41.151 0.057952
41.161 0.059170
41.171 0.059364
41.181 0.063295
41.191 0.066029
41.201 0.065898
41.211 0.068402
41.221 0.062869
41.231 0.060678
41.241 0.059460
41.251 0.058337
41.261 0.060315
41.271 0.061791
41.281 0.063316
41.291 0.060882
41.302 0.061762
41.312 0.060824
41.322 0.063077
41.332 0.066329
41.342 0.067247
41.352 0.067329
41.362 0.068296
41.372 0.064860
41.382 0.063040
41.392 0.060987
41.402 0.060447
41.412 0.059593
41.422 0.060050
41.432 0.061517
41.442 0.066763
41.452 0.069908
41.462 0.070583
41.472 0.066311
41.482 0.060788
41.492 0.056637
41.502 0.055340
41.512 0.053478
41.522 0.057027
41.532 0.062946
41.542 0.067072
41.552 0.071920
41.562 0.073757
41.572 0.073697
41.582 0.074839
41.592 0.070563
41.602 0.063073
41.612 0.057829
41.622 0.055983
41.632 0.054762
41.643 0.053930
41.653 0.056667
41.663 0.059380
